1 0.88046875 0.88046875 0.021875 0.04140625
11 0.19609375 0.590625 0.1140625 0.05703125
11 0.20859375 0.68125 0.128125 0.0328125
11 0.2125 0.77265625 0.1359375 0.04296875
11 0.2015625 0.8640625 0.11328125 0.0375
11 0.73359375 0.22421875 0.10546875 0.0421875
11 0.73203125 0.2765625 0.1109375 0.03359375
11 0.7328125 0.3921875 0.11015625 0.0265625
11 0.73359375 0.83203125 0.10546875 0.02734375
12 0.2859375 0.1484375 0.296875 0.11484375
12 0.24609375 0.2828125 0.2203125 0.11171875
12 0.17890625 0.38515625 0.08125 0.04296875
12 0.46484375 0.30390625 0.0640625 0.02578125
12 0.459375 0.4171875 0.0515625 0.0234375
12 0.45625 0.52734375 0.04140625 0.0265625
12 0.5171875 0.5765625 0.10625 0.025
12 0.4578125 0.64296875 0.04140625 0.02578125
12 0.79296875 0.44375 0.06484375 0.028125
12 0.70390625 0.44296875 0.05625 0.02265625
12 0.71328125 0.3921875 0.06953125 0.0203125
12 0.690625 0.1765625 0.025 0.025
12 0.70703125 0.228125 0.0609375 0.0234375
12 0.7109375 0.27578125 0.07421875 0.01953125
12 0.71328125 0.5609375 0.0671875 0.01796875
12 0.709375 0.49609375 0.0640625 0.0265625
12 0.68828125 0.6140625 0.0203125 0.01796875
12 0.68984375 0.66171875 0.02578125 0.0203125
12 0.71328125 0.73046875 0.06875 0.01953125
12 0.6921875 0.78359375 0.025 0.02265625
12 0.70390625 0.83125 0.05078125 0.0359375
12 0.6921875 0.878125 0.025 0.02265625
12 0.7921875 0.875 0.06640625 0.02421875
12 0.2078125 0.58828125 0.0828125 0.03515625
12 0.2203125 0.68046875 0.1015625 0.02734375
12 0.221875 0.77265625 0.10546875 0.03359375
12 0.2125 0.8640625 0.096875 0.02734375
3 0.7171875 0.128125 0.0421875 0.02734375
3 0.7765625 0.17421875 0.03671875 0.02734375
3 0.775 0.6109375 0.03046875 0.03203125
3 0.78359375 0.6625 0.046875 0.025
3 0.78046875 0.77890625 0.04296875 0.02578125
3 0.4734375 0.346875 0.06796875 0.04921875
3 0.5359375 0.5734375 0.18828125 0.04453125
6 0.48515625 0.4625 0.1 0.06171875
6 0.584375 0.46328125 0.1 0.0671875
6 0.571875 0.34609375 0.125 0.0734375
6 0.534375 0.73125 0.196875 0.153125
2 0.46328125 0.8421875 0.05625 0.03671875
2 0.534375 0.84453125 0.06015625 0.03828125
1 0.8390625 0.12578125 0.0203125 0.02890625
1 0.81328125 0.12734375 0.01640625 0.0296875
1 0.47890625 0.90234375 0.08515625 0.03515625