9 0.503125 0.54609375 0.23828125 0.9078125
12 0.503125 0.15234375 0.17265625 0.03515625
12 0.50546875 0.18203125 0.17734375 0.03203125
12 0.5109375 0.27734375 0.09921875 0.03046875
12 0.5140625 0.5234375 0.13984375 0.02578125
12 0.50390625 0.63203125 0.18828125 0.01796875
12 0.50390625 0.65546875 0.13671875 0.01484375
12 0.4890625 0.7375 0.10859375 0.0203125
1 0.503125 0.278125 0.19453125 0.06328125
8 0.45234375 0.27578125 0.0203125 0.0453125
6 0.503125 0.3921875 0.19765625 0.06953125
6 0.503125 0.4609375 0.2 0.06796875
2 0.43046875 0.521875 0.015625 0.03515625
1 0.50234375 0.578125 0.19375 0.059375
7 0.50234375 0.6953125 0.0875 0.03203125
7 0.55625 0.73828125 0.02734375 0.025
7 0.54765625 0.65625 0.04375 0.015625
7 0.49453125 0.65625 0.03515625 0.015625