8 0.1515625 0.1890625 0.09921875 0.0796875
8 0.5328125 0.18515625 0.04453125 0.08828125
8 0.59765625 0.19375 0.03125 0.06171875
8 0.7125 0.284375 0.02890625 0.05859375
8 0.684375 0.3828125 0.02734375 0.04921875
8 0.63515625 0.30703125 0.04609375 0.08125
8 0.7671875 0.4875 0.04375 0.0859375
8 0.62734375 0.58046875 0.0265625 0.05546875
8 0.559375 0.603125 0.04609375 0.0796875
8 0.6984375 0.6703125 0.0234375 0.05234375
12 0.275 0.33671875 0.328125 0.08671875
12 0.20625 0.4671875 0.203125 0.08984375
12 0.2921875 0.56328125 0.37734375 0.078125
12 0.61484375 0.78515625 0.18671875 0.14375
12 0.70078125 0.90859375 0.346875 0.0375
7 0.259375 0.7203125 0.21328125 0.034375
7 0.23359375 0.834375 0.16015625 0.03515625
8 0.12421875 0.71875 0.04375 0.0796875
8 0.125 0.82890625 0.0390625 0.07734375
12 0.5671875 0.325 0.075 0.13671875
12 0.62890625 0.48828125 0.20390625 0.1
12 0.75234375 0.6703125 0.07734375 0.02109375
12 0.6765625 0.5796875 0.0703125 0.0203125
12 0.73984375 0.38125 0.08203125 0.02265625
12 0.7640625 0.28671875 0.07109375 0.0203125
12 0.65859375 0.19296875 0.08828125 0.02421875