5 0.66875 0.45 0.42265625 0.57421875
12 0.14140625 0.0375 0.07265625 0.05
12 0.228125 0.3046875 0.1921875 0.0234375
12 0.23671875 0.36484375 0.21796875 0.08125
12 0.259375 0.453125 0.2625 0.0796875
12 0.22421875 0.54453125 0.18515625 0.0796875
12 0.28125 0.6015625 0.30078125 0.02265625
12 0.16875 0.62578125 0.0734375 0.02109375
1 0.18046875 0.6734375 0.10078125 0.053125
1 0.69140625 0.03828125 0.06953125 0.0484375
1 0.61015625 0.03828125 0.07109375 0.0546875
8 0.5484375 0.0359375 0.03046875 0.04375
8 0.1859375 0.86796875 0.0640625 0.06875
8 0.31328125 0.8703125 0.08203125 0.0671875
8 0.43984375 0.86875 0.07109375 0.05703125
8 0.56171875 0.87109375 0.06328125 0.06875
8 0.6859375 0.86953125 0.0640625 0.075
8 0.8125 0.871875 0.04921875 0.0953125
3 0.7734375 0.0390625 0.0671875 0.05234375
1 0.86875 0.03671875 0.06171875 0.0515625
12 0.80546875 0.371875 0.0828125 0.02578125
12 0.59140625 0.66171875 0.09765625 0.0265625