1 0.7796875 0.09296875 0.075 0.05
1 0.8328125 0.08984375 0.025 0.04375
1 0.97109375 0.02421875 0.0375 0.03515625
1 0.98125 0.9671875 0.02421875 0.0421875
8 0.01328125 0.025 0.01796875 0.03671875
8 0.16875 0.91796875 0.02109375 0.0453125
3 0.0484375 0.0234375 0.05078125 0.028125
12 0.11484375 0.02578125 0.046875 0.02578125
12 0.234375 0.0765625 0.1515625 0.0296875
12 0.17265625 0.11015625 0.0296875 0.02109375
12 0.228125 0.11171875 0.05625 0.021875
12 0.196875 0.57890625 0.0828125 0.0265625
12 0.29375 0.434375 0.06328125 0.021875
12 0.3109375 0.4578125 0.06015625 0.02109375
12 0.76328125 0.17734375 0.103125 0.02265625
12 0.76875 0.20546875 0.11328125 0.021875
12 0.740625 0.23046875 0.053125 0.02109375
12 0.203125 0.81640625 0.08828125 0.01953125
12 0.37421875 0.8140625 0.0734375 0.0171875
12 0.5578125 0.815625 0.0796875 0.0171875
12 0.17734375 0.9765625 0.04296875 0.0234375
12 0.7421875 0.2890625 0.059375 0.025
0 0.4078125 0.165625 0.31796875 0.059375
0 0.41328125 0.27421875 0.2453125 0.05625
7 0.7875 0.23046875 0.03671875 0.01875
5 0.24375 0.703125 0.17265625 0.18984375
5 0.42265625 0.70078125 0.171875 0.1890625
5 0.60390625 0.70078125 0.1703125 0.19453125
6 0.49921875 0.0265625 0.259375 0.04609375
6 0.4390625 0.9203125 0.5140625 0.05703125
1 0.66875 0.4734375 0.02265625 0.04296875
1 0.61875 0.4734375 0.0671875 0.04296875
3 0.67109375 0.9765625 0.02265625 0.02578125