8 0.15078125 0.18828125 0.1015625 0.0890625
12 0.15 0.3875 0.1015625 0.09765625
12 0.3328125 0.384375 0.25 0.1171875
12 0.30546875 0.5140625 0.40078125 0.0875
12 0.58515625 0.7921875 0.1421875 0.13359375
12 0.69140625 0.90859375 0.34609375 0.04765625
8 0.125 0.675 0.0484375 0.084375
8 0.1234375 0.7875 0.04453125 0.09375
7 0.22578125 0.67890625 0.1421875 0.04140625
7 0.23359375 0.7890625 0.15546875 0.03671875
0 0.6515625 0.2 0.22890625 0.0390625
0 0.68828125 0.31875 0.29765625 0.03671875
0 0.6890625 0.4421875 0.3015625 0.0546875
0 0.71953125 0.575 0.365625 0.06484375
1 0.97578125 0.9484375 0.03046875 0.05859375