3 0.44921875 0.0546875 0.0671875 0.0359375
3 0.5265625 0.05390625 0.071875 0.03984375
3 0.59453125 0.05546875 0.04609375 0.03671875
3 0.659375 0.0546875 0.07578125 0.0328125
3 0.7421875 0.05390625 0.0765625 0.03515625
0 0.23125 0.159375 0.10859375 0.02265625
3 0.740625 0.15859375 0.1546875 0.06953125
1 0.828125 0.0546875 0.08046875 0.0390625
1 0.9 0.05546875 0.0546875 0.04140625
8 0.0359375 0.053125 0.0375 0.075
12 0.178125 0.38671875 0.04375 0.02890625
12 0.2828125 0.490625 0.253125 0.0984375
12 0.2875 0.58828125 0.26640625 0.0890625
12 0.2640625 0.68203125 0.21875 0.075
12 0.2890625 0.8046875 0.27265625 0.10234375
5 0.67578125 0.609375 0.23359375 0.46328125