3 0.04765625 0.02578125 0.05078125 0.0234375
12 0.11171875 0.025 0.04453125 0.028125
12 0.12578125 0.42421875 0.0578125 0.02421875
12 0.35234375 0.425 0.08203125 0.01640625
12 0.57421875 0.42578125 0.10078125 0.01484375
12 0.7828125 0.42578125 0.10078125 0.02109375
12 0.5390625 0.44453125 0.034375 0.01484375
12 0.3359375 0.44296875 0.04609375 0.01796875
12 0.125 0.44375 0.04609375 0.0125
12 0.74921875 0.44453125 0.03203125 0.01171875
12 0.13828125 0.73046875 0.08203125 0.01953125
12 0.37265625 0.73046875 0.12734375 0.01640625
12 0.5765625 0.73125 0.1140625 0.0203125
12 0.759375 0.73203125 0.05546875 0.01640625
12 0.1109375 0.7515625 0.025 0.0171875
12 0.3265625 0.75078125 0.0328125 0.01796875
12 0.53828125 0.7515625 0.03359375 0.0140625
12 0.746875 0.7515625 0.034375 0.01953125
6 0.49609375 0.0265625 0.259375 0.04609375
3 0.10546875 0.12578125 0.05703125 0.02265625
3 0.165625 0.1234375 0.06171875 0.021875
3 0.228125 0.12421875 0.04921875 0.01953125
3 0.28671875 0.125 0.05390625 0.02109375
3 0.89609375 0.125 0.04765625 0.021875
5 0.8140625 0.28828125 0.20625 0.23828125
5 0.60234375 0.2890625 0.2109375 0.2390625
5 0.39140625 0.28828125 0.2078125 0.23828125
5 0.17890625 0.2890625 0.203125 0.23046875
5 0.1796875 0.59453125 0.2078125 0.2453125
5 0.39140625 0.59609375 0.2046875 0.23828125
5 0.603125 0.59453125 0.20859375 0.23515625
5 0.815625 0.596875 0.1984375 0.2359375
5 0.18046875 0.8921875 0.20390625 0.21484375
5 0.39140625 0.89375 0.20546875 0.2125
5 0.60390625 0.89453125 0.1984375 0.2109375
5 0.81484375 0.890625 0.2078125 0.21875
12 0.19140625 0.0734375 0.2265625 0.0328125
1 0.9671875 0.02578125 0.040625 0.04140625
1 0.97890625 0.9703125 0.028125 0.0421875
8 0.0875 0.4328125 0.02421875 0.04140625
8 0.2984375 0.43203125 0.021875 0.040625
8 0.51015625 0.43359375 0.02109375 0.03984375
8 0.721875 0.4359375 0.0203125 0.034375
8 0.0859375 0.73984375 0.01953125 0.034375
8 0.2984375 0.740625 0.025 0.03359375
8 0.51015625 0.7390625 0.0265625 0.04296875
8 0.721875 0.73984375 0.02421875 0.03828125
12 0.2609375 0.43046875 0.046875 0.0265625
12 0.47421875 0.42578125 0.04453125 0.02734375
12 0.68359375 0.4296875 0.0421875 0.02578125
12 0.8984375 0.42890625 0.04375 0.025
12 0.88984375 0.7359375 0.06640625 0.0296875
12 0.6828125 0.73828125 0.04453125 0.028125
12 0.478125 0.73515625 0.03828125 0.015625
12 0.2625 0.73359375 0.04296875 0.021875