11 0.26171875 0.153125 0.05078125 0.23984375
11 0.175 0.06328125 0.0703125 0.06953125
11 0.33984375 0.15390625 0.05078125 0.24140625
11 0.42265625 0.153125 0.04765625 0.23671875
11 0.50234375 0.15234375 0.05078125 0.2375
11 0.58203125 0.15390625 0.05078125 0.24375
11 0.665625 0.153125 0.053125 0.24296875
11 0.7484375 0.15390625 0.05 0.246875
11 0.8265625 0.15390625 0.04609375 0.23828125
11 0.909375 0.1515625 0.05703125 0.23984375
11 0.28046875 0.53828125 0.05546875 0.23671875
11 0.36484375 0.46796875 0.03828125 0.11328125
11 0.45234375 0.4453125 0.04296875 0.0609375