6 0.496875 0.26328125 0.225 0.0625
6 0.49609375 0.0234375 0.25625 0.0375
12 0.496875 0.1421875 0.3375 0.04921875
12 0.49765625 0.1953125 0.5 0.02890625
12 0.11171875 0.0234375 0.0421875 0.01875
12 0.140625 0.71484375 0.1265625 0.03359375
1 0.90390625 0.71484375 0.0296875 0.02265625
1 0.9671875 0.0234375 0.03984375 0.04296875
1 0.978125 0.9703125 0.0234375 0.040625
1 0.20390625 0.45703125 0.146875 0.09375
1 0.35 0.45625 0.13984375 0.09609375
1 0.49375 0.45703125 0.13515625 0.09765625
1 0.63671875 0.459375 0.1359375 0.09140625
1 0.784375 0.4578125 0.14453125 0.08828125
1 0.20703125 0.5484375 0.1375 0.06640625
1 0.34921875 0.55 0.13671875 0.0703125
1 0.49296875 0.55 0.1359375 0.07265625
1 0.634375 0.54921875 0.13671875 0.06953125
1 0.78359375 0.55 0.1453125 0.0703125
5 0.28671875 0.859375 0.41796875 0.21796875
5 0.709375 0.859375 0.41953125 0.22421875
3 0.0375 0.021875 0.06953125 0.03125