8 0.05234375 0.03671875 0.028125 0.0546875
0 0.26015625 0.5734375 0.44140625 0.07578125
3 0.17265625 0.03984375 0.06328125 0.02890625
3 0.3765625 0.0359375 0.04375 0.03125
12 0.10546875 0.03828125 0.075 0.03828125
12 0.2375 0.0375 0.04140625 0.03046875
12 0.309375 0.0375 0.0734375 0.028125
12 0.42578125 0.0375 0.03359375 0.02734375
12 0.096875 0.24609375 0.12109375 0.03046875
12 0.30078125 0.31328125 0.525 0.07109375
12 0.36796875 0.3953125 0.6609375 0.03203125
12 0.35546875 0.4328125 0.6359375 0.03125
12 0.13671875 0.4671875 0.19921875 0.03046875
12 0.0625 0.6859375 0.03671875 0.02265625
12 0.1578125 0.7265625 0.1484375 0.025
12 0.57734375 0.72421875 0.06953125 0.02421875
5 0.49921875 0.82734375 0.92265625 0.34453125
1 0.88125 0.3046875 0.15703125 0.06640625
1 0.6171875 0.03828125 0.08671875 0.06328125
1 0.71640625 0.0390625 0.1015625 0.06171875
1 0.83046875 0.03828125 0.11953125 0.0609375
1 0.9265625 0.0359375 0.06796875 0.0625
1 0.93671875 0.69765625 0.0265625 0.04375