5 0.6171875 0.29609375 0.45078125 0.42734375
8 0.16640625 0.22890625 0.02265625 0.03828125
8 0.77265625 0.9125 0.02109375 0.03046875
8 0.74609375 0.9140625 0.02421875 0.03828125
8 0.721875 0.915625 0.0203125 0.034375
12 0.21484375 0.228125 0.06953125 0.02109375
12 0.2359375 0.2734375 0.16171875 0.0234375
12 0.2203125 0.31171875 0.13203125 0.02421875
12 0.1703125 0.56484375 0.028125 0.02109375
12 0.228125 0.56484375 0.05859375 0.0203125
12 0.21875 0.6375 0.121875 0.0296875
12 0.4203125 0.696875 0.53125 0.04765625
12 0.20546875 0.7609375 0.1 0.02890625
12 0.17265625 0.80625 0.03125 0.028125
12 0.178125 0.86171875 0.04765625 0.02421875
12 0.184375 0.91015625 0.0578125 0.03046875
12 0.196875 0.9359375 0.0828125 0.0140625
12 0.72265625 0.8703125 0.028125 0.01953125
12 0.7203125 0.63515625 0.0234375 0.01796875
12 0.72578125 0.678125 0.01953125 0.02421875
12 0.7578125 0.678125 0.0171875 0.0125
12 0.79375 0.67734375 0.02578125 0.01796875
12 0.73203125 0.72109375 0.03359375 0.025
12 0.77421875 0.72109375 0.025 0.01328125
12 0.8078125 0.7203125 0.01328125 0.0171875
12 0.7265625 0.765625 0.02265625 0.02265625
12 0.7578125 0.76640625 0.01171875 0.0140625
12 0.7875 0.765625 0.0171875 0.0140625
12 0.73671875 0.809375 0.0453125 0.025
12 0.72265625 0.8703125 0.02421875 0.01953125
12 0.5734375 0.16328125 0.11640625 0.0390625
12 0.51328125 0.2359375 0.09140625 0.02734375
12 0.52578125 0.26484375 0.121875 0.025
12 0.11484375 0.025 0.0515625 0.02421875
6 0.49375 0.02421875 0.25078125 0.0359375
3 0.04765625 0.02421875 0.05390625 0.03203125
1 0.96796875 0.0265625 0.0390625 0.03671875
1 0.19453125 0.35859375 0.07578125 0.0515625
1 0.2484375 0.35625 0.02265625 0.03984375
1 0.27578125 0.359375 0.02265625 0.03984375
7 0.284375 0.76015625 0.06015625 0.0171875
7 0.2171875 0.809375 0.059375 0.01875
7 0.2296875 0.859375 0.05859375 0.02109375
7 0.24609375 0.91015625 0.075 0.0171875
7 0.27265625 0.9375 0.06328125 0.0171875
7 0.0890625 0.9890625 0.178125 0.021875
1 0.97734375 0.971875 0.0265625 0.0421875
8 0.0109375 0.025 0.01875 0.0328125
8 0.4859375 0.16640625 0.05 0.06015625