12 0.5359375 0.16328125 0.16015625 0.0546875
4 0.53828125 0.4703125 0.23359375 0.53046875
12 0.49453125 0.32578125 0.05625 0.034375
12 0.58125 0.32734375 0.05859375 0.03046875
6 0.53515625 0.403125 0.16015625 0.03203125
6 0.5390625 0.46640625 0.16328125 0.03203125
6 0.5375 0.5359375 0.15859375 0.03515625
1 0.5390625 0.6671875 0.165625 0.0515625
12 0.5390625 0.771875 0.03203125 0.02578125
8 0.44921875 0.8421875 0.040625 0.05703125
8 0.5375 0.84296875 0.04609375 0.06640625
8 0.6234375 0.84296875 0.03984375 0.0515625