11 0.08203125 0.55234375 0.065625 0.40625
12 0.2875 0.16953125 0.48125 0.06015625
12 0.10625 0.2734375 0.1140625 0.0375
12 0.303125 0.27890625 0.19453125 0.04140625
12 0.4890625 0.27421875 0.08359375 0.0359375
12 0.8421875 0.275 0.08828125 0.04375
12 0.88359375 0.159375 0.1171875 0.0234375
12 0.8609375 0.17890625 0.06953125 0.02421875
12 0.08515625 0.3359375 0.07109375 0.0203125
12 0.24609375 0.334375 0.078125 0.01953125
2 0.25 0.59453125 0.08671875 0.475
3 0.6015625 0.34375 0.303125 0.04921875
3 0.603125 0.39140625 0.30703125 0.0484375
3 0.603125 0.43984375 0.30234375 0.0359375
3 0.603125 0.484375 0.3015625 0.04609375
3 0.60234375 0.5296875 0.30078125 0.034375
3 0.60234375 0.57421875 0.3015625 0.04296875
3 0.603125 0.61875 0.30078125 0.040625
3 0.60078125 0.66484375 0.3015625 0.03984375
3 0.60234375 0.71171875 0.3 0.03515625
3 0.60234375 0.75703125 0.30390625 0.0390625
3 0.87265625 0.3453125 0.14375 0.0484375
1 0.96328125 0.92265625 0.02265625 0.02890625
1 0.92578125 0.92109375 0.04375 0.03984375
1 0.984375 0.97109375 0.02265625 0.0375
8 0.80703125 0.1703125 0.03125 0.05859375