2 0.22109375 0.27578125 0.07734375 0.11484375
3 0.20859375 0.20234375 0.05703125 0.02421875
3 0.26796875 0.2015625 0.053125 0.02265625
3 0.3265625 0.20078125 0.05546875 0.02734375
3 0.04765625 0.0265625 0.0515625 0.02109375
8 0.01171875 0.02578125 0.01953125 0.0328125
12 0.11328125 0.0265625 0.04921875 0.02734375
12 0.04375 0.20078125 0.01640625 0.02109375
12 0.071875 0.25390625 0.07109375 0.02578125
12 0.05234375 0.3109375 0.03671875 0.02578125
12 0.05625 0.3640625 0.03671875 0.025
12 0.0390625 0.4671875 0.0546875 0.02890625
12 0.03828125 0.51484375 0.03125 0.02109375
12 0.07890625 0.5140625 0.02421875 0.0265625
12 0.1140625 0.5140625 0.0203125 0.01953125
12 0.0328125 0.5578125 0.0328125 0.01953125
12 0.0734375 0.5578125 0.021875 0.021875
12 0.04921875 0.6 0.05546875 0.02109375
12 0.1109375 0.60078125 0.04296875 0.021875
12 0.0375 0.64453125 0.03828125 0.02109375
12 0.08671875 0.64453125 0.03828125 0.0234375
12 0.12109375 0.64296875 0.01796875 0.01875
12 0.23046875 0.48984375 0.05390625 0.01875
12 0.26171875 0.51171875 0.11484375 0.02109375
12 0.35625 0.49375 0.04296875 0.02109375
12 0.446875 0.4921875 0.08203125 0.0203125
12 0.42421875 0.5125 0.0359375 0.0140625
12 0.559375 0.49375 0.03984375 0.02421875
12 0.6515625 0.49140625 0.0859375 0.01875
12 0.63359375 0.5125 0.05078125 0.0171875
12 0.75703125 0.49609375 0.05390625 0.03125
12 0.84609375 0.490625 0.07734375 0.01796875
12 0.83515625 0.5109375 0.05234375 0.0203125
12 0.9578125 0.490625 0.06171875 0.03359375
12 0.25 0.78671875 0.09296875 0.02109375
12 0.24140625 0.80859375 0.07578125 0.0171875
12 0.35 0.790625 0.05546875 0.02890625
12 0.42578125 0.78671875 0.04140625 0.02578125
12 0.43515625 0.80859375 0.053125 0.0171875
12 0.55625 0.79375 0.05078125 0.01875
12 0.64140625 0.78984375 0.0671875 0.0171875
12 0.6265625 0.8109375 0.0328125 0.02109375
12 0.7546875 0.78984375 0.0609375 0.02734375
12 0.86328125 0.78984375 0.10390625 0.0171875
12 0.82109375 0.809375 0.0203125 0.01484375
12 0.95703125 0.79296875 0.05625 0.01796875
12 0.08359375 0.09765625 0.14375 0.0234375
8 0.1921875 0.49921875 0.021875 0.0453125
8 0.39296875 0.5015625 0.0234375 0.0421875
8 0.596875 0.5015625 0.0203125 0.0390625
8 0.79765625 0.5015625 0.02421875 0.0390625
8 0.190625 0.796875 0.02109375 0.04375
8 0.39296875 0.796875 0.021875 0.03828125
8 0.59609375 0.7984375 0.02109375 0.03984375
8 0.79765625 0.796875 0.02109375 0.03828125
3 0.965625 0.20546875 0.04140625 0.03046875
6 0.496875 0.02734375 0.25625 0.04140625
1 0.97265625 0.02734375 0.04140625 0.04453125