12 0.30625 0.22265625 0.30546875 0.0609375
12 0.3046875 0.2859375 0.30234375 0.05
12 0.28828125 0.3671875 0.26875 0.07109375
1 0.203125 0.48046875 0.0921875 0.07109375
3 0.74375 0.046875 0.15 0.07421875
5 0.67890625 0.36328125 0.30625 0.5515625
12 0.18046875 0.7640625 0.0484375 0.0375
12 0.3203125 0.77265625 0.059375 0.0390625
12 0.44609375 0.77421875 0.04765625 0.02578125
12 0.58828125 0.77421875 0.0609375 0.02890625
12 0.71640625 0.77578125 0.05859375 0.03515625
8 0.16484375 0.81328125 0.01875 0.03046875
8 0.165625 0.85703125 0.0171875 0.03046875
8 0.165625 0.90234375 0.0140625 0.02734375
8 0.16484375 0.9453125 0.0125 0.02890625
7 0.71171875 0.8171875 0.03828125 0.02265625
7 0.71875 0.8640625 0.05234375 0.02109375
7 0.73046875 0.91171875 0.075 0.025
7 0.7125 0.95546875 0.03671875 0.0234375
7 0.57265625 0.81796875 0.02578125 0.025
7 0.596875 0.86328125 0.07109375 0.03203125
7 0.58984375 0.909375 0.059375 0.01953125
7 0.58203125 0.95625 0.04375 0.02109375
7 0.46640625 0.81796875 0.0796875 0.021875
7 0.4765625 0.8625 0.10234375 0.03046875
7 0.4859375 0.909375 0.1203125 0.0265625
7 0.4828125 0.95546875 0.1109375 0.02890625
7 0.3171875 0.81953125 0.04921875 0.0265625
7 0.31875 0.865625 0.0515625 0.028125
7 0.32421875 0.91171875 0.06171875 0.02734375
7 0.32734375 0.9578125 0.06640625 0.028125
7 0.178125 0.81171875 0.01015625 0.021875
7 0.19453125 0.8578125 0.0421875 0.021875
7 0.2 0.90390625 0.05078125 0.02578125
7 0.1984375 0.946875 0.04921875 0.021875