12 0.503125 0.115625 0.1875 0.03828125
12 0.49296875 0.71796875 0.19453125 0.0265625
7 0.42734375 0.74375 0.06171875 0.0203125
7 0.55859375 0.71875 0.02109375 0.021875
6 0.503125 0.19453125 0.215625 0.05859375
6 0.50390625 0.25859375 0.215625 0.059375
6 0.50390625 0.32421875 0.21640625 0.0609375
6 0.503125 0.38828125 0.215625 0.05859375
6 0.50390625 0.453125 0.21484375 0.0578125
6 0.50390625 0.51875 0.21484375 0.0625
6 0.503125 0.5828125 0.21796875 0.06171875
1 0.46015625 0.65 0.1296875 0.05546875
1 0.6140625 0.0828125 0.01640625 0.025