8 0.58203125 0.14765625 0.0375 0.06640625
8 0.4359375 0.51796875 0.06015625 0.109375
8 0.5046875 0.51796875 0.06328125 0.109375
8 0.57109375 0.51640625 0.0546875 0.10625
12 0.45859375 0.2421875 0.090625 0.0328125
12 0.46953125 0.28125 0.115625 0.0390625
12 0.44453125 0.440625 0.078125 0.0375
12 0.4375 0.58203125 0.03984375 0.02265625
12 0.5046875 0.58125 0.040625 0.02578125
12 0.57109375 0.58046875 0.02578125 0.025
12 0.46328125 0.82578125 0.06640625 0.0203125
12 0.56015625 0.8265625 0.06640625 0.01796875
10 0.509375 0.8578125 0.08125 0.02734375
1 0.58828125 0.88359375 0.0296875 0.05390625
6 0.50390625 0.3453125 0.16875 0.0484375
5 0.459375 0.7171875 0.0859375 0.190625
5 0.55625 0.71796875 0.0859375 0.19140625
1 0.42578125 0.134375 0.0234375 0.04375